name: flask
channels:
  - conda-forge
  - defaults
dependencies:
  - asttokens=2.0.5=pyhd8ed1ab_0
  - backcall=0.2.0=pyh9f0ad1d_0
  - backports=1.0=py_2
  - backports.functools_lru_cache=1.6.4=pyhd8ed1ab_0
  - bzip2=1.0.8=h8ffe710_4
  - ca-certificates=2022.5.18.1=h5b45459_0
  - colorama=0.4.4=pyh9f0ad1d_0
  - debugpy=1.6.0=py39h415ef7b_0
  - decorator=5.1.1=pyhd8ed1ab_0
  - entrypoints=0.4=pyhd8ed1ab_0
  - executing=0.8.3=pyhd8ed1ab_0
  - ipykernel=6.14.0=py39h832f523_0
  - ipython=8.4.0=py39hcbf5309_0
  - jedi=0.18.1=py39hcbf5309_1
  - jupyter_client=7.3.4=pyhd8ed1ab_0
  - jupyter_core=4.10.0=py39hcbf5309_0
  - libffi=3.4.2=h8ffe710_5
  - libsodium=1.0.18=h8d14728_1
  - libzlib=1.2.12=h8ffe710_1
  - matplotlib-inline=0.1.3=pyhd8ed1ab_0
  - nest-asyncio=1.5.5=pyhd8ed1ab_0
  - openssl=3.0.3=h8ffe710_0
  - packaging=21.3=pyhd8ed1ab_0
  - parso=0.8.3=pyhd8ed1ab_0
  - pickleshare=0.7.5=py_1003
  - pip=22.1.2=pyhd8ed1ab_0
  - prompt-toolkit=3.0.29=pyha770c72_0
  - psutil=5.9.1=py39hb82d6ee_0
  - pure_eval=0.2.2=pyhd8ed1ab_0
  - pygments=2.12.0=pyhd8ed1ab_0
  - pyparsing=3.0.9=pyhd8ed1ab_0
  - python=3.9.13=hcf16a7b_0_cpython
  - python-dateutil=2.8.2=pyhd8ed1ab_0
  - python_abi=3.9=2_cp39
  - pywin32=303=py39hb82d6ee_0
  - pyzmq=23.1.0=py39he46f08e_0
  - setuptools=62.3.4=py39hcbf5309_0
  - six=1.16.0=pyh6c4a22f_0
  - sqlite=3.38.5=h8ffe710_0
  - stack_data=0.3.0=pyhd8ed1ab_0
  - tk=8.6.12=h8ffe710_0
  - tornado=6.1=py39hb82d6ee_3
  - traitlets=5.2.2.post1=pyhd8ed1ab_0
  - tzdata=2022a=h191b570_0
  - ucrt=10.0.20348.0=h57928b3_0
  - vc=14.2=hb210afc_6
  - vs2015_runtime=14.29.30037=h902a5da_6
  - wcwidth=0.2.5=pyh9f0ad1d_2
  - wheel=0.37.1=pyhd8ed1ab_0
  - xz=5.2.5=h62dcd97_1
  - zeromq=4.3.4=h0e60522_1
  - pip:
    - click==8.1.3
    - flask==2.1.2
    - importlib-metadata==4.11.4
    - itsdangerous==2.1.2
    - jinja2==3.1.2
    - markupsafe==2.1.1
    - pypdf2==2.2.0
    - typing-extensions==4.2.0
    - werkzeug==2.1.2
    - zipp==3.8.0
prefix: C:\Users\vicbl\anaconda3\envs\flask
